2.432464368648160000E-02
6.681427533165770000E-02
0.000000000000000000E+00
4.675301312062920000E-02
4.580048221256200000E-03
2.599376163504890000E-02
7.023083375140140000E-02
0.000000000000000000E+00
2.281914775540400000E-02
2.454618467225540000E-02
6.355632786370560000E-02
6.422848822667200000E-02
6.874418015333330000E-02
0.000000000000000000E+00
4.868396782476150000E-02
0.000000000000000000E+00
0.000000000000000000E+00
0.000000000000000000E+00
4.747997367066800000E-03
4.480411840680930000E-02
0.000000000000000000E+00
2.789971518394830000E-02
0.000000000000000000E+00
4.301788008003640000E-02
6.233293747866570000E-02
8.409970813035330000E-02
8.547315406886410000E-02
1.286958072122340000E-01
0.000000000000000000E+00
8.434862318602720000E-02
1.026003996167840000E-01
0.000000000000000000E+00
0.000000000000000000E+00
0.000000000000000000E+00
0.000000000000000000E+00
0.000000000000000000E+00
0.000000000000000000E+00
0.000000000000000000E+00
0.000000000000000000E+00
0.000000000000000000E+00
7.133903655455500000E-03
1.999370973360530000E-02
0.000000000000000000E+00
0.000000000000000000E+00
0.000000000000000000E+00
1.382392242554400000E-02
0.000000000000000000E+00
0.000000000000000000E+00
0.000000000000000000E+00
0.000000000000000000E+00
0.000000000000000000E+00
0.000000000000000000E+00
1.675073869106330000E-02
0.000000000000000000E+00
3.783255231933100000E-03
0.000000000000000000E+00
0.000000000000000000E+00
0.000000000000000000E+00
0.000000000000000000E+00
6.375719301154280000E-02
6.408854059204520000E-02
5.403772748744370000E-02
0.000000000000000000E+00
2.039304416184420000E-02
8.084435987640320000E-02
0.000000000000000000E+00
5.683037950728600000E-03
0.000000000000000000E+00
0.000000000000000000E+00
0.000000000000000000E+00
0.000000000000000000E+00
1.012673113772320000E-01
1.234235188927590000E-01
8.185818562071920000E-02
4.246606545134800000E-02
0.000000000000000000E+00
0.000000000000000000E+00
6.355876652643980000E-02
2.022799111995970000E-02
0.000000000000000000E+00
2.128899338581400000E-02
0.000000000000000000E+00
0.000000000000000000E+00
0.000000000000000000E+00
8.788515068630220000E-02
6.386069924853850000E-02
0.000000000000000000E+00
0.000000000000000000E+00
5.459260093668150000E-02
0.000000000000000000E+00
4.030192499137420000E-02
1.053690324897980000E-02
0.000000000000000000E+00
6.811207374900390000E-02
0.000000000000000000E+00
0.000000000000000000E+00
3.055248031722810000E-02
7.241645544344750000E-02
0.000000000000000000E+00
0.000000000000000000E+00
6.157040635823770000E-02
8.122136460754470000E-02
8.154929809171530000E-02
0.000000000000000000E+00
0.000000000000000000E+00
2.538333032116420000E-02
2.500658562953320000E-02
4.719813383343520000E-02
7.410015591957440000E-02
0.000000000000000000E+00
0.000000000000000000E+00
4.788053180035510000E-02
0.000000000000000000E+00
0.000000000000000000E+00
0.000000000000000000E+00
0.000000000000000000E+00
0.000000000000000000E+00
8.613644403333970000E-02
8.211407319984330000E-02
0.000000000000000000E+00
0.000000000000000000E+00
0.000000000000000000E+00
0.000000000000000000E+00
5.009169043532500000E-03
0.000000000000000000E+00
0.000000000000000000E+00
0.000000000000000000E+00
1.271997497901900000E-03
0.000000000000000000E+00
0.000000000000000000E+00
0.000000000000000000E+00
0.000000000000000000E+00
1.891107970016650000E-02
0.000000000000000000E+00
0.000000000000000000E+00
0.000000000000000000E+00
0.000000000000000000E+00
0.000000000000000000E+00
0.000000000000000000E+00
0.000000000000000000E+00
0.000000000000000000E+00
0.000000000000000000E+00
0.000000000000000000E+00
0.000000000000000000E+00
0.000000000000000000E+00
0.000000000000000000E+00
0.000000000000000000E+00
0.000000000000000000E+00
0.000000000000000000E+00
0.000000000000000000E+00
0.000000000000000000E+00
0.000000000000000000E+00
0.000000000000000000E+00
0.000000000000000000E+00
7.057839047451500000E-03
0.000000000000000000E+00
6.560754330207000000E-03
0.000000000000000000E+00
0.000000000000000000E+00
0.000000000000000000E+00
0.000000000000000000E+00
0.000000000000000000E+00
0.000000000000000000E+00
0.000000000000000000E+00
0.000000000000000000E+00
0.000000000000000000E+00
0.000000000000000000E+00
0.000000000000000000E+00
0.000000000000000000E+00
0.000000000000000000E+00
0.000000000000000000E+00
0.000000000000000000E+00
0.000000000000000000E+00
0.000000000000000000E+00
0.000000000000000000E+00
0.000000000000000000E+00
0.000000000000000000E+00
0.000000000000000000E+00
0.000000000000000000E+00
0.000000000000000000E+00
0.000000000000000000E+00
0.000000000000000000E+00
0.000000000000000000E+00
0.000000000000000000E+00
0.000000000000000000E+00
0.000000000000000000E+00
0.000000000000000000E+00
0.000000000000000000E+00
0.000000000000000000E+00
0.000000000000000000E+00
0.000000000000000000E+00
0.000000000000000000E+00
0.000000000000000000E+00
0.000000000000000000E+00
0.000000000000000000E+00
0.000000000000000000E+00
0.000000000000000000E+00
0.000000000000000000E+00
0.000000000000000000E+00
0.000000000000000000E+00
0.000000000000000000E+00
0.000000000000000000E+00
0.000000000000000000E+00
0.000000000000000000E+00
0.000000000000000000E+00
0.000000000000000000E+00
0.000000000000000000E+00
0.000000000000000000E+00
0.000000000000000000E+00
0.000000000000000000E+00
0.000000000000000000E+00
0.000000000000000000E+00
0.000000000000000000E+00
0.000000000000000000E+00
0.000000000000000000E+00
0.000000000000000000E+00
0.000000000000000000E+00
0.000000000000000000E+00
0.000000000000000000E+00
0.000000000000000000E+00
0.000000000000000000E+00
0.000000000000000000E+00
0.000000000000000000E+00
0.000000000000000000E+00
0.000000000000000000E+00
0.000000000000000000E+00
0.000000000000000000E+00
0.000000000000000000E+00
0.000000000000000000E+00
0.000000000000000000E+00
0.000000000000000000E+00
0.000000000000000000E+00
0.000000000000000000E+00
0.000000000000000000E+00
0.000000000000000000E+00
0.000000000000000000E+00
0.000000000000000000E+00
0.000000000000000000E+00
0.000000000000000000E+00
0.000000000000000000E+00
0.000000000000000000E+00
0.000000000000000000E+00
0.000000000000000000E+00
0.000000000000000000E+00
0.000000000000000000E+00
0.000000000000000000E+00
0.000000000000000000E+00
0.000000000000000000E+00
0.000000000000000000E+00
0.000000000000000000E+00
0.000000000000000000E+00
0.000000000000000000E+00
0.000000000000000000E+00
0.000000000000000000E+00
0.000000000000000000E+00
0.000000000000000000E+00
0.000000000000000000E+00
0.000000000000000000E+00
0.000000000000000000E+00
0.000000000000000000E+00
0.000000000000000000E+00
0.000000000000000000E+00
0.000000000000000000E+00
0.000000000000000000E+00
0.000000000000000000E+00
0.000000000000000000E+00
0.000000000000000000E+00
0.000000000000000000E+00
0.000000000000000000E+00
0.000000000000000000E+00
0.000000000000000000E+00
0.000000000000000000E+00
0.000000000000000000E+00
0.000000000000000000E+00
0.000000000000000000E+00
0.000000000000000000E+00
0.000000000000000000E+00
0.000000000000000000E+00
0.000000000000000000E+00
0.000000000000000000E+00
0.000000000000000000E+00
0.000000000000000000E+00
0.000000000000000000E+00
0.000000000000000000E+00
0.000000000000000000E+00
0.000000000000000000E+00
0.000000000000000000E+00
0.000000000000000000E+00
0.000000000000000000E+00
0.000000000000000000E+00
0.000000000000000000E+00
0.000000000000000000E+00
0.000000000000000000E+00
0.000000000000000000E+00
0.000000000000000000E+00
0.000000000000000000E+00
0.000000000000000000E+00
0.000000000000000000E+00
0.000000000000000000E+00
0.000000000000000000E+00
0.000000000000000000E+00
0.000000000000000000E+00
0.000000000000000000E+00
0.000000000000000000E+00
0.000000000000000000E+00
3.019836170080730000E-02
0.000000000000000000E+00
0.000000000000000000E+00
0.000000000000000000E+00
0.000000000000000000E+00
0.000000000000000000E+00
0.000000000000000000E+00
1.279712364272650000E-02
0.000000000000000000E+00
0.000000000000000000E+00
0.000000000000000000E+00
1.021609331196300000E-02
0.000000000000000000E+00
3.513744173011380000E-02
0.000000000000000000E+00
0.000000000000000000E+00
0.000000000000000000E+00
0.000000000000000000E+00
0.000000000000000000E+00
0.000000000000000000E+00
1.487098633741490000E-02
0.000000000000000000E+00
4.804972185234760000E-02
0.000000000000000000E+00
0.000000000000000000E+00
4.485297823634320000E-02
0.000000000000000000E+00
0.000000000000000000E+00
2.809827422817800000E-02
0.000000000000000000E+00
0.000000000000000000E+00
4.642220117033730000E-02
0.000000000000000000E+00
0.000000000000000000E+00
0.000000000000000000E+00
5.862992811683700000E-03
0.000000000000000000E+00
0.000000000000000000E+00
0.000000000000000000E+00
0.000000000000000000E+00
0.000000000000000000E+00
1.225265803375460000E-02
6.242713449803600000E-03
0.000000000000000000E+00
2.524362741107900000E-02
0.000000000000000000E+00
0.000000000000000000E+00
4.862598594305760000E-02
1.161154607338110000E-02
0.000000000000000000E+00
2.838918651125480000E-02
0.000000000000000000E+00
2.799854122156630000E-02
5.236818056226680000E-02
0.000000000000000000E+00
7.385103917087820000E-02
0.000000000000000000E+00
0.000000000000000000E+00
0.000000000000000000E+00
3.428979788655960000E-02