4.527780000000000000E+01
4.114374000000000000E+01
4.163589000000000000E+01
4.173432000000000000E+01
4.219366000000000000E+01
4.232490000000000000E+01
4.321077000000000000E+01
4.327639000000000000E+01
4.235771000000000000E+01
4.225928000000000000E+01
4.248895000000000000E+01
4.294829000000000000E+01
4.022506000000000000E+01
4.189837000000000000E+01
4.281705000000000000E+01
4.066799500000000000E+01
4.527780000000000000E+01
4.367011000000000000E+01
4.157027000000000000E+01
4.134060000000000000E+01
4.193118000000000000E+01
4.531061000000000000E+01
4.163589000000000000E+01
4.183275000000000000E+01
4.547466000000000000E+01
4.531061000000000000E+01
4.140622000000000000E+01
4.491689000000000000E+01
4.265300000000000000E+01
4.094688000000000000E+01
4.130779000000000000E+01
3.970010000000000000E+01
3.999539000000000000E+01
3.979853000000000000E+01
4.002820000000000000E+01
3.904390000000000000E+01
3.904390000000000000E+01
3.907671000000000000E+01
3.924076000000000000E+01
3.884704000000000000E+01
3.904390000000000000E+01
3.904390000000000000E+01
4.002820000000000000E+01
3.733778000000000000E+01
3.881423000000000000E+01
3.799398000000000000E+01
3.999539000000000000E+01
3.835489000000000000E+01
3.881423000000000000E+01
3.927357000000000000E+01
3.887985000000000000E+01
3.904390000000000000E+01
3.907671000000000000E+01
3.723935000000000000E+01
3.714092000000000000E+01
3.838770000000000000E+01
3.930638000000000000E+01
3.845332000000000000E+01
3.700968000000000000E+01
3.799398000000000000E+01
3.815803000000000000E+01
3.832208000000000000E+01
3.805960000000000000E+01
3.737059000000000000E+01
3.740340000000000000E+01
3.815803000000000000E+01
3.865018000000000000E+01
3.756745000000000000E+01
3.799398000000000000E+01
3.924076000000000000E+01
3.887985000000000000E+01
3.835489000000000000E+01
3.825646000000000000E+01
3.901109000000000000E+01
3.887985000000000000E+01
3.740340000000000000E+01
3.769869000000000000E+01
3.805960000000000000E+01
3.802679000000000000E+01
3.966729000000000000E+01
3.927357000000000000E+01
3.845332000000000000E+01
3.940481000000000000E+01
3.786274000000000000E+01
3.904390000000000000E+01
3.648472000000000000E+01
3.763307000000000000E+01
3.924076000000000000E+01
3.884704000000000000E+01
3.920795000000000000E+01
3.868299000000000000E+01
3.822365000000000000E+01
3.805960000000000000E+01
3.805960000000000000E+01
3.809241000000000000E+01
3.904390000000000000E+01
3.933919000000000000E+01
3.789555000000000000E+01
3.819084000000000000E+01
3.815803000000000000E+01
3.812522000000000000E+01
3.838770000000000000E+01
3.802679000000000000E+01
3.842051000000000000E+01
3.868299000000000000E+01
3.855175000000000000E+01
3.740340000000000000E+01
3.904390000000000000E+01
3.996258000000000000E+01
3.937200000000000000E+01
4.019225000000000000E+01
3.887985000000000000E+01
3.766588000000000000E+01
3.786274000000000000E+01
3.904390000000000000E+01
3.865018000000000000E+01
3.779712000000000000E+01
3.805960000000000000E+01
3.776431000000000000E+01
3.769869000000000000E+01
3.838770000000000000E+01
3.897828000000000000E+01
3.970010000000000000E+01
3.970010000000000000E+01
3.865018000000000000E+01
3.904390000000000000E+01
3.937200000000000000E+01
3.930638000000000000E+01
3.756745000000000000E+01
3.904390000000000000E+01
3.924076000000000000E+01
3.878142000000000000E+01
3.848613000000000000E+01
3.740340000000000000E+01
3.937200000000000000E+01
3.681282000000000000E+01
3.989696000000000000E+01
3.950324000000000000E+01
3.933919000000000000E+01
3.773150000000000000E+01
3.842051000000000000E+01
3.878142000000000000E+01
3.822365000000000000E+01
3.763307000000000000E+01
3.838770000000000000E+01
3.884704000000000000E+01
3.953605000000000000E+01
3.960167000000000000E+01
3.986415000000000000E+01
3.773150000000000000E+01
3.878142000000000000E+01
3.996258000000000000E+01
3.799398000000000000E+01
3.865018000000000000E+01
3.746902000000000000E+01
3.917514000000000000E+01
3.750183000000000000E+01
3.805960000000000000E+01
3.933919000000000000E+01
3.920795000000000000E+01
3.805960000000000000E+01
3.802679000000000000E+01
3.907671000000000000E+01
3.838770000000000000E+01
3.789555000000000000E+01
3.910952000000000000E+01
3.851894000000000000E+01
3.733778000000000000E+01
3.858456000000000000E+01
3.691125000000000000E+01
3.796117000000000000E+01
3.769869000000000000E+01
3.904390000000000000E+01
3.825646000000000000E+01
3.920795000000000000E+01
3.845332000000000000E+01
3.789555000000000000E+01
3.740340000000000000E+01
3.858456000000000000E+01
3.897828000000000000E+01
3.773150000000000000E+01
3.746902000000000000E+01
3.943762000000000000E+01
3.940481000000000000E+01
3.904390000000000000E+01
3.799398000000000000E+01
3.924076000000000000E+01
3.902749500000000000E+01
3.881423000000000000E+01
3.894547000000000000E+01
3.802679000000000000E+01
3.727216000000000000E+01
3.884704000000000000E+01
3.914233000000000000E+01
3.904390000000000000E+01
3.812522000000000000E+01
3.789555000000000000E+01
3.904390000000000000E+01
3.904390000000000000E+01
3.871580000000000000E+01
3.753464000000000000E+01
3.674720000000000000E+01
3.894547000000000000E+01
3.868299000000000000E+01
3.855175000000000000E+01
4.002820000000000000E+01
3.963448000000000000E+01
3.641910000000000000E+01
3.881423000000000000E+01
3.904390000000000000E+01
3.897828000000000000E+01
4.065159000000000000E+01
3.940481000000000000E+01
3.904390000000000000E+01
3.907671000000000000E+01
3.897828000000000000E+01
3.881423000000000000E+01
3.904390000000000000E+01
3.999539000000000000E+01
3.986415000000000000E+01
4.048754000000000000E+01
3.943762000000000000E+01
5.528485000000000000E+01
3.632067000000000000E+01
3.897828000000000000E+01
3.937200000000000000E+01
3.970010000000000000E+01
3.805960000000000000E+01
3.976572000000000000E+01
3.920795000000000000E+01
3.884704000000000000E+01
3.933919000000000000E+01
3.874861000000000000E+01
3.953605000000000000E+01
3.920795000000000000E+01
3.891266000000000000E+01
3.920795000000000000E+01
3.924076000000000000E+01
3.894547000000000000E+01
4.035630000000000000E+01
3.901109000000000000E+01
4.042192000000000000E+01
3.901109000000000000E+01
3.914233000000000000E+01
4.048754000000000000E+01
3.881423000000000000E+01
3.901109000000000000E+01
4.097969000000000000E+01
3.799398000000000000E+01
4.068440000000000000E+01
4.091407000000000000E+01
4.101250000000000000E+01
4.101250000000000000E+01
3.897828000000000000E+01
3.937200000000000000E+01
3.950324000000000000E+01
4.012663000000000000E+01
3.943762000000000000E+01
4.065159000000000000E+01
3.976572000000000000E+01
3.950324000000000000E+01
3.937200000000000000E+01
4.058597000000000000E+01
4.107812000000000000E+01
4.091407000000000000E+01
4.094688000000000000E+01
3.956886000000000000E+01
3.871580000000000000E+01
4.025787000000000000E+01
3.947043000000000000E+01
3.940481000000000000E+01
3.740340000000000000E+01
3.766588000000000000E+01
3.746902000000000000E+01
3.756745000000000000E+01
3.750183000000000000E+01
4.048754000000000000E+01
4.065159000000000000E+01
4.094688000000000000E+01
4.107812000000000000E+01
4.107812000000000000E+01
4.101250000000000000E+01
4.206242000000000000E+01
4.091407000000000000E+01
4.019225000000000000E+01
4.042192000000000000E+01
4.042192000000000000E+01
4.019225000000000000E+01
4.032349000000000000E+01
4.019225000000000000E+01
4.101250000000000000E+01
4.084845000000000000E+01
4.035630000000000000E+01
4.068440000000000000E+01
4.065159000000000000E+01
4.019225000000000000E+01
3.970010000000000000E+01
3.970010000000000000E+01
3.996258000000000000E+01
4.035630000000000000E+01
4.025787000000000000E+01
4.025787000000000000E+01
4.068440000000000000E+01
3.953605000000000000E+01
3.881423000000000000E+01
4.101250000000000000E+01
4.029068000000000000E+01
4.068440000000000000E+01
4.052035000000000000E+01
4.052035000000000000E+01
4.019225000000000000E+01
4.084845000000000000E+01
4.052035000000000000E+01
3.927357000000000000E+01
4.035630000000000000E+01
3.963448000000000000E+01
3.970010000000000000E+01
4.091407000000000000E+01
4.183275000000000000E+01
4.035630000000000000E+01
3.986415000000000000E+01
4.068440000000000000E+01
3.940481000000000000E+01
4.029068000000000000E+01
4.035630000000000000E+01
4.068440000000000000E+01
3.947043000000000000E+01
4.022506000000000000E+01
3.976572000000000000E+01
4.015944000000000000E+01
3.871580000000000000E+01
4.038911000000000000E+01
4.019225000000000000E+01
4.084845000000000000E+01
4.035630000000000000E+01
4.035630000000000000E+01
4.058597000000000000E+01
3.989696000000000000E+01
3.979853000000000000E+01
4.029068000000000000E+01
3.904390000000000000E+01
3.848613000000000000E+01
3.930638000000000000E+01
3.927357000000000000E+01
3.848613000000000000E+01
3.950324000000000000E+01
4.029068000000000000E+01
4.025787000000000000E+01
3.992977000000000000E+01
3.970010000000000000E+01
3.970010000000000000E+01
3.970010000000000000E+01
4.002820000000000000E+01
4.029068000000000000E+01
4.029068000000000000E+01
4.002820000000000000E+01
3.970010000000000000E+01
4.002820000000000000E+01
4.019225000000000000E+01
4.019225000000000000E+01
3.999539000000000000E+01
4.006101000000000000E+01
3.992977000000000000E+01
3.855175000000000000E+01
3.989696000000000000E+01