0.000000000000000000E+00
0.000000000000000000E+00
0.000000000000000000E+00
0.000000000000000000E+00
0.000000000000000000E+00
0.000000000000000000E+00
0.000000000000000000E+00
0.000000000000000000E+00
0.000000000000000000E+00
0.000000000000000000E+00
0.000000000000000000E+00
0.000000000000000000E+00
0.000000000000000000E+00
0.000000000000000000E+00
0.000000000000000000E+00
0.000000000000000000E+00
0.000000000000000000E+00
0.000000000000000000E+00
0.000000000000000000E+00
0.000000000000000000E+00
0.000000000000000000E+00
0.000000000000000000E+00
0.000000000000000000E+00
0.000000000000000000E+00
0.000000000000000000E+00
0.000000000000000000E+00
0.000000000000000000E+00
0.000000000000000000E+00
0.000000000000000000E+00
0.000000000000000000E+00
0.000000000000000000E+00
8.736463455000000000E+03
8.736463455000000000E+03
8.736463455000000000E+03
8.736463455000000000E+03
8.736463455000000000E+03
8.736463455000000000E+03
8.736463455000000000E+03
8.736463455000000000E+03
8.736463455000000000E+03
8.736463455000000000E+03
8.736463455000000000E+03
8.736463455000000000E+03
8.736463455000000000E+03
8.736463455000000000E+03
8.736463455000000000E+03
8.736463455000000000E+03
8.736463455000000000E+03
8.736463455000000000E+03
8.736463455000000000E+03
8.736463455000000000E+03
8.736463455000000000E+03
8.736463455000000000E+03
8.736463455000000000E+03
8.736463455000000000E+03
8.736463455000000000E+03
8.736463455000000000E+03
8.736463455000000000E+03
8.736463455000000000E+03
0.000000000000000000E+00
0.000000000000000000E+00
0.000000000000000000E+00
0.000000000000000000E+00
0.000000000000000000E+00
0.000000000000000000E+00
0.000000000000000000E+00
0.000000000000000000E+00
0.000000000000000000E+00
0.000000000000000000E+00
0.000000000000000000E+00
0.000000000000000000E+00
0.000000000000000000E+00
0.000000000000000000E+00
0.000000000000000000E+00
0.000000000000000000E+00
0.000000000000000000E+00
0.000000000000000000E+00
0.000000000000000000E+00
0.000000000000000000E+00
0.000000000000000000E+00
0.000000000000000000E+00
0.000000000000000000E+00
0.000000000000000000E+00
0.000000000000000000E+00
0.000000000000000000E+00
0.000000000000000000E+00
0.000000000000000000E+00
0.000000000000000000E+00
0.000000000000000000E+00
0.000000000000000000E+00
1.516930822000000000E+04
1.516930822000000000E+04
1.516930822000000000E+04
1.516930822000000000E+04
1.516930822000000000E+04
1.516930822000000000E+04
1.516930822000000000E+04
1.516930822000000000E+04
1.516930822000000000E+04
1.516930822000000000E+04
1.516930822000000000E+04
1.516930822000000000E+04
1.516930822000000000E+04
1.516930822000000000E+04
1.516930822000000000E+04
1.516930822000000000E+04
1.516930822000000000E+04
1.516930822000000000E+04
1.516930822000000000E+04
1.516930822000000000E+04
1.516930822000000000E+04
1.516930822000000000E+04
1.516930822000000000E+04
1.516930822000000000E+04
1.516930822000000000E+04
1.516930822000000000E+04
1.516930822000000000E+04
1.516930822000000000E+04
1.972010069000000000E+04
1.972010069000000000E+04
2.153093328000000000E+04
2.153093328000000000E+04
2.153093328000000000E+04
2.153093328000000000E+04
2.153093328000000000E+04
2.153093328000000000E+04
2.153093328000000000E+04
2.153093328000000000E+04
2.153093328000000000E+04
2.153093328000000000E+04
2.153093328000000000E+04
2.153093328000000000E+04
2.153093328000000000E+04
2.153093328000000000E+04
2.153093328000000000E+04
2.153093328000000000E+04
2.153093328000000000E+04
2.153093328000000000E+04
2.153093328000000000E+04
2.153093328000000000E+04
2.153093328000000000E+04
2.153093328000000000E+04
2.153093328000000000E+04
2.153093328000000000E+04
2.153093328000000000E+04
2.153093328000000000E+04
2.153093328000000000E+04
2.153093328000000000E+04
2.153093328000000000E+04
2.153093328000000000E+04
2.153093328000000000E+04
1.446602175000000000E+04
1.446602175000000000E+04
1.446602175000000000E+04
1.446602175000000000E+04
1.446602175000000000E+04
1.446602175000000000E+04
1.446602175000000000E+04
1.446602175000000000E+04
1.446602175000000000E+04
1.446602175000000000E+04
1.446602175000000000E+04
1.446602175000000000E+04
1.446602175000000000E+04
1.446602175000000000E+04
1.446602175000000000E+04
1.446602175000000000E+04
1.446602175000000000E+04
1.446602175000000000E+04
1.446602175000000000E+04
1.446602175000000000E+04
1.446602175000000000E+04
1.446602175000000000E+04
1.446602175000000000E+04
1.446602175000000000E+04
1.446602175000000000E+04
1.446602175000000000E+04
1.446602175000000000E+04
1.446602175000000000E+04
1.446602175000000000E+04
1.446602175000000000E+04
5.999230817000000000E+04
5.999230817000000000E+04
5.999230817000000000E+04
5.999230817000000000E+04
5.999230817000000000E+04
5.999230817000000000E+04
5.999230817000000000E+04
5.999230817000000000E+04
5.999230817000000000E+04
5.999230817000000000E+04
5.999230817000000000E+04
5.999230817000000000E+04
5.999230817000000000E+04
5.999230817000000000E+04
5.999230817000000000E+04
5.999230817000000000E+04
5.999230817000000000E+04
5.999230817000000000E+04
5.999230817000000000E+04
5.999230817000000000E+04
5.999230817000000000E+04
5.999230817000000000E+04
5.999230817000000000E+04
5.999230817000000000E+04
5.999230817000000000E+04
5.999230817000000000E+04
5.999230817000000000E+04
5.999230817000000000E+04
5.999230817000000000E+04
5.999230817000000000E+04
5.999230817000000000E+04
1.128404105000000000E+05
1.128404105000000000E+05
1.128404105000000000E+05
1.128404105000000000E+05
1.128404105000000000E+05
1.128404105000000000E+05
1.128404105000000000E+05
1.128404105000000000E+05
1.128404105000000000E+05
1.128404105000000000E+05
1.128404105000000000E+05
1.128404105000000000E+05
1.128404105000000000E+05
1.128404105000000000E+05
1.128404105000000000E+05
1.128404105000000000E+05
1.128404105000000000E+05
1.128404105000000000E+05
1.128404105000000000E+05
1.128404105000000000E+05
1.128404105000000000E+05
1.128404105000000000E+05
1.128404105000000000E+05
1.128404105000000000E+05
1.128404105000000000E+05
1.128404105000000000E+05
1.128404105000000000E+05
1.128404105000000000E+05
1.128404105000000000E+05
1.128404105000000000E+05
1.128404105000000000E+05
1.129326286000000000E+05
1.129326286000000000E+05
1.129326286000000000E+05
1.129326286000000000E+05
1.129326286000000000E+05
1.129326286000000000E+05
1.129326286000000000E+05
1.129326286000000000E+05
1.129326286000000000E+05
1.129326286000000000E+05
1.129326286000000000E+05
1.129326286000000000E+05
1.129326286000000000E+05
1.129326286000000000E+05
1.129326286000000000E+05
1.129326286000000000E+05
1.129326286000000000E+05
1.129326286000000000E+05
1.129326286000000000E+05
1.129326286000000000E+05
1.129326286000000000E+05
1.129326286000000000E+05
1.129326286000000000E+05
1.129326286000000000E+05
1.129326286000000000E+05
1.129326286000000000E+05
1.129326286000000000E+05
1.129326286000000000E+05
1.129326286000000000E+05
1.129326286000000000E+05
7.537683265000000000E+04
7.537683265000000000E+04
7.537683265000000000E+04
7.537683265000000000E+04
7.537683265000000000E+04
7.537683265000000000E+04
7.537683265000000000E+04
7.537683265000000000E+04
7.537683265000000000E+04
7.537683265000000000E+04
7.537683265000000000E+04
7.537683265000000000E+04
7.537683265000000000E+04
7.537683265000000000E+04
7.537683265000000000E+04
7.537683265000000000E+04
7.537683265000000000E+04
7.537683265000000000E+04
7.537683265000000000E+04
7.537683265000000000E+04
7.537683265000000000E+04
7.537683265000000000E+04
7.537683265000000000E+04
7.537683265000000000E+04
7.537683265000000000E+04
7.537683265000000000E+04
7.537683265000000000E+04
7.537683265000000000E+04
7.537683265000000000E+04
7.537683265000000000E+04
7.537683265000000000E+04
1.082797541000000000E+04
1.082797541000000000E+04
1.082797541000000000E+04
1.082797541000000000E+04
1.082797541000000000E+04
1.082797541000000000E+04
1.082797541000000000E+04
1.082797541000000000E+04
1.082797541000000000E+04
1.082797541000000000E+04
1.082797541000000000E+04
1.082797541000000000E+04
1.082797541000000000E+04
1.082797541000000000E+04
1.082797541000000000E+04
1.082797541000000000E+04
1.082797541000000000E+04
1.082797541000000000E+04
1.082797541000000000E+04
1.082797541000000000E+04
1.082797541000000000E+04
1.082797541000000000E+04
1.082797541000000000E+04
1.082797541000000000E+04
1.082797541000000000E+04
1.082797541000000000E+04
1.082797541000000000E+04
1.082797541000000000E+04
8.329211850000000000E+03
8.329211850000000000E+03
4.684570210000000000E+03
4.684570210000000000E+03
4.684570210000000000E+03
4.684570210000000000E+03
4.684570210000000000E+03
4.684570210000000000E+03
4.684570210000000000E+03
4.684570210000000000E+03
4.684570210000000000E+03
4.684570210000000000E+03
4.684570210000000000E+03
4.684570210000000000E+03
4.684570210000000000E+03
4.684570210000000000E+03
4.684570210000000000E+03
4.684570210000000000E+03
4.684570210000000000E+03
4.684570210000000000E+03
4.684570210000000000E+03
4.684570210000000000E+03
4.684570210000000000E+03
4.684570210000000000E+03
4.684570210000000000E+03
4.684570210000000000E+03
4.684570210000000000E+03
4.684570210000000000E+03
4.684570210000000000E+03
4.684570210000000000E+03
4.684570210000000000E+03
4.684570210000000000E+03
4.684570210000000000E+03