4.881000000000000000E+01
4.750000000000000000E+01
4.731000000000000000E+01
4.706000000000000000E+01
4.736000000000000000E+01
4.743000000000000000E+01
4.743000000000000000E+01
4.724000000000000000E+01
4.745000000000000000E+01
4.741000000000000000E+01
4.743000000000000000E+01
4.801000000000000000E+01
4.781000000000000000E+01
4.757000000000000000E+01
4.814000000000000000E+01
4.756000000000000000E+01
4.851000000000000000E+01
4.771000000000000000E+01
4.762000000000000000E+01
4.746000000000000000E+01
4.726000000000000000E+01
4.843000000000000000E+01
4.881000000000000000E+01
4.901000000000000000E+01
4.891000000000000000E+01
4.923000000000000000E+01
4.879000000000000000E+01
4.833000000000000000E+01
4.840000000000000000E+01
4.880000000000000000E+01
4.851000000000000000E+01
4.995000000000000000E+01
4.960000000000000000E+01
4.960000000000000000E+01
4.975000000000000000E+01
4.988000000000000000E+01
4.985000000000000000E+01
4.950000000000000000E+01
4.955000000000000000E+01
4.930000000000000000E+01
4.978000000000000000E+01
4.980000000000000000E+01
4.960000000000000000E+01
4.920000000000000000E+01
4.968000000000000000E+01
4.905000000000000000E+01
4.930000000000000000E+01
4.980000000000000000E+01
4.900000000000000000E+01
4.962000000000000000E+01
4.964000000000000000E+01
4.940000000000000000E+01
4.944000000000000000E+01
4.920000000000000000E+01
4.945000000000000000E+01
4.997000000000000000E+01
4.970000000000000000E+01
4.958000000000000000E+01
4.920000000000000000E+01
4.910000000000000000E+01
4.930000000000000000E+01
4.952000000000000000E+01
4.950000000000000000E+01
4.940000000000000000E+01
4.925000000000000000E+01
4.940000000000000000E+01
4.960000000000000000E+01
4.920000000000000000E+01
4.940000000000000000E+01
4.960000000000000000E+01
4.945000000000000000E+01
4.943000000000000000E+01
4.945000000000000000E+01
4.980000000000000000E+01
4.940000000000000000E+01
4.940000000000000000E+01
4.960000000000000000E+01
4.975000000000000000E+01
4.940000000000000000E+01
4.960000000000000000E+01
4.940000000000000000E+01
4.950000000000000000E+01
4.988000000000000000E+01
4.964000000000000000E+01
5.010000000000000000E+01
4.900000000000000000E+01
4.950000000000000000E+01
4.952000000000000000E+01
4.940000000000000000E+01
4.970000000000000000E+01
4.935000000000000000E+01
4.920000000000000000E+01
4.910000000000000000E+01
4.942000000000000000E+01
4.904000000000000000E+01
4.940000000000000000E+01
4.962000000000000000E+01
4.950000000000000000E+01
4.945000000000000000E+01
4.964000000000000000E+01
4.960000000000000000E+01
4.946000000000000000E+01
4.934000000000000000E+01
4.920000000000000000E+01
4.940000000000000000E+01
4.950000000000000000E+01
4.930000000000000000E+01
4.922000000000000000E+01
4.952000000000000000E+01
4.944000000000000000E+01
4.919000000000000000E+01
4.938000000000000000E+01
4.930000000000000000E+01
4.940000000000000000E+01
4.930000000000000000E+01
4.920000000000000000E+01
4.930000000000000000E+01
4.950000000000000000E+01
4.940000000000000000E+01
4.970000000000000000E+01
4.910000000000000000E+01
4.909000000000000000E+01
4.930000000000000000E+01
4.935000000000000000E+01
4.943000000000000000E+01
4.932000000000000000E+01
4.968000000000000000E+01
4.962000000000000000E+01
4.958000000000000000E+01
4.970000000000000000E+01
4.960000000000000000E+01
4.942000000000000000E+01
4.962000000000000000E+01
4.955000000000000000E+01
4.965000000000000000E+01
4.935000000000000000E+01
4.942000000000000000E+01
4.976000000000000000E+01
4.970000000000000000E+01
4.946000000000000000E+01
4.920000000000000000E+01
4.950000000000000000E+01
4.986000000000000000E+01
4.922000000000000000E+01
4.942000000000000000E+01
4.930000000000000000E+01
5.000000000000000000E+01
4.950000000000000000E+01
4.965000000000000000E+01
4.964000000000000000E+01
4.808000000000000000E+01
4.964000000000000000E+01
4.875000000000000000E+01
4.910000000000000000E+01
4.962000000000000000E+01
4.960000000000000000E+01
4.924000000000000000E+01
4.952000000000000000E+01
4.962000000000000000E+01
4.956000000000000000E+01
4.924000000000000000E+01
4.908000000000000000E+01
4.952000000000000000E+01
4.964000000000000000E+01
4.940000000000000000E+01
4.962000000000000000E+01
4.973000000000000000E+01
4.955000000000000000E+01
4.940000000000000000E+01
4.958000000000000000E+01
4.948000000000000000E+01
4.945000000000000000E+01
4.960000000000000000E+01
4.943000000000000000E+01
4.964000000000000000E+01
4.930000000000000000E+01
4.920000000000000000E+01
4.930000000000000000E+01
4.928000000000000000E+01
4.940000000000000000E+01
4.955000000000000000E+01
4.940000000000000000E+01
4.950000000000000000E+01
4.980000000000000000E+01
4.936000000000000000E+01
4.934000000000000000E+01
4.930000000000000000E+01
4.972000000000000000E+01
4.925000000000000000E+01
4.930000000000000000E+01
4.940000000000000000E+01
4.940000000000000000E+01
4.910000000000000000E+01
4.960000000000000000E+01
4.944000000000000000E+01
4.908000000000000000E+01
4.920000000000000000E+01
4.940000000000000000E+01
4.928000000000000000E+01
4.910000000000000000E+01
4.970000000000000000E+01
4.900000000000000000E+01
4.950000000000000000E+01
4.948000000000000000E+01
4.960000000000000000E+01
4.970000000000000000E+01
4.960000000000000000E+01
4.925000000000000000E+01
4.920000000000000000E+01
4.940000000000000000E+01
4.940000000000000000E+01
4.955000000000000000E+01
4.948000000000000000E+01
4.940000000000000000E+01
4.955000000000000000E+01
4.938000000000000000E+01
4.928000000000000000E+01
4.940000000000000000E+01
4.960000000000000000E+01
4.972000000000000000E+01
4.940000000000000000E+01
4.950000000000000000E+01
4.935000000000000000E+01
4.910000000000000000E+01
4.930000000000000000E+01
4.940000000000000000E+01
4.910000000000000000E+01
4.925000000000000000E+01
4.950000000000000000E+01
4.925000000000000000E+01
4.920000000000000000E+01
4.934000000000000000E+01
4.910000000000000000E+01
4.910000000000000000E+01
4.940000000000000000E+01
4.935000000000000000E+01
4.928000000000000000E+01
4.920000000000000000E+01
4.924000000000000000E+01
4.948000000000000000E+01
4.930000000000000000E+01
4.940000000000000000E+01
4.900000000000000000E+01
4.926000000000000000E+01
5.000000000000000000E+01
4.920000000000000000E+01
4.935000000000000000E+01
4.932000000000000000E+01
4.874000000000000000E+01
4.930000000000000000E+01
4.953000000000000000E+01
4.964000000000000000E+01
4.956000000000000000E+01
4.937000000000000000E+01
4.974000000000000000E+01
4.972000000000000000E+01
5.000000000000000000E+01
4.992000000000000000E+01
5.000000000000000000E+01
4.948000000000000000E+01
4.994000000000000000E+01
4.912000000000000000E+01
4.980000000000000000E+01
4.987000000000000000E+01
4.982000000000000000E+01
4.948000000000000000E+01
4.997000000000000000E+01
4.910000000000000000E+01
4.957000000000000000E+01
4.905000000000000000E+01
4.914000000000000000E+01
4.890000000000000000E+01
4.880000000000000000E+01
4.880000000000000000E+01
4.890000000000000000E+01
4.886000000000000000E+01
4.965000000000000000E+01
4.928000000000000000E+01
4.958000000000000000E+01
4.940000000000000000E+01
4.980000000000000000E+01
4.970000000000000000E+01
4.953000000000000000E+01
4.944000000000000000E+01
4.920000000000000000E+01
4.948000000000000000E+01
4.945000000000000000E+01
4.946000000000000000E+01
4.955000000000000000E+01
4.948000000000000000E+01
4.950000000000000000E+01
4.885000000000000000E+01
4.960000000000000000E+01
4.940000000000000000E+01
4.960000000000000000E+01
4.944000000000000000E+01
4.930000000000000000E+01
4.920000000000000000E+01
4.924000000000000000E+01
4.965000000000000000E+01
4.960000000000000000E+01
4.955000000000000000E+01
4.930000000000000000E+01
4.968000000000000000E+01
4.978000000000000000E+01
4.964000000000000000E+01
4.950000000000000000E+01
4.962000000000000000E+01
4.975000000000000000E+01
4.970000000000000000E+01
4.940000000000000000E+01
4.918000000000000000E+01
4.940000000000000000E+01
4.960000000000000000E+01
4.940000000000000000E+01
4.918000000000000000E+01
4.910000000000000000E+01
4.922000000000000000E+01
4.950000000000000000E+01
4.950000000000000000E+01
4.930000000000000000E+01
4.970000000000000000E+01
4.920000000000000000E+01
4.960000000000000000E+01
4.962000000000000000E+01
4.970000000000000000E+01
4.930000000000000000E+01
4.980000000000000000E+01
4.950000000000000000E+01
4.960000000000000000E+01
4.920000000000000000E+01
4.970000000000000000E+01
4.970000000000000000E+01
4.978000000000000000E+01
4.980000000000000000E+01
4.964000000000000000E+01
4.985000000000000000E+01
4.945000000000000000E+01
4.915000000000000000E+01
4.950000000000000000E+01
4.955000000000000000E+01
4.930000000000000000E+01
4.963000000000000000E+01
4.965000000000000000E+01
4.942000000000000000E+01
4.930000000000000000E+01
4.950000000000000000E+01
4.944000000000000000E+01
4.948000000000000000E+01
4.945000000000000000E+01
4.952000000000000000E+01
4.940000000000000000E+01
4.960000000000000000E+01
4.950000000000000000E+01
4.962000000000000000E+01
4.960000000000000000E+01
4.938000000000000000E+01
4.935000000000000000E+01
4.945000000000000000E+01
4.950000000000000000E+01
4.945000000000000000E+01
4.922000000000000000E+01
4.980000000000000000E+01
4.932000000000000000E+01
4.940000000000000000E+01