   1.6149033E+01
   1.7280111E+01
   1.7040094E+01
   1.6984516E+01
   1.6780871E+01
   1.6748265E+01
   1.6428014E+01
   1.6410974E+01
   1.6751257E+01
   1.6770601E+01
   1.6718907E+01
   1.6498808E+01
   1.7603877E+01
   1.6880789E+01
   1.6545468E+01
   1.7423994E+01
   1.6149033E+01
   1.6208167E+01
   1.7003266E+01
   1.7133830E+01
   1.6834091E+01
   1.6149033E+01
   1.6953608E+01
   1.6869869E+01
   1.6149033E+01
   1.6149033E+01
   1.7036969E+01
   1.6149033E+01
   1.6542648E+01
   1.7227772E+01
   1.7065257E+01
   1.4777148E+01
   1.4690075E+01
   1.4801433E+01
   1.4741395E+01
   1.5035524E+01
   1.5127815E+01
   1.5035208E+01
   1.5018661E+01
   1.5157518E+01
   1.5049523E+01
   1.5042927E+01
   1.4676693E+01
   1.5812254E+01
   1.5136865E+01
   1.5489345E+01
   1.4690488E+01
   1.5308494E+01
   1.5102559E+01
   1.4926838E+01
   1.5035992E+01
   1.4980123E+01
   1.5013909E+01
   1.5778108E+01
   1.5832100E+01
   1.5279490E+01
   1.4883961E+01
   1.5203638E+01
   1.5916159E+01
   1.7020548E+01
   1.6943767E+01
   1.7053360E+01
   1.7343267E+01
   1.7323690E+01
   1.7053158E+01
   1.6832588E+01
   1.7248595E+01
   1.7082971E+01
   1.6543826E+01
   1.6669992E+01
   1.6914839E+01
   1.6950576E+01
   1.6615521E+01
   1.6656020E+01
   1.7280856E+01
   1.7146466E+01
   1.7020974E+01
   1.7023651E+01
   1.6323505E+01
   1.6444995E+01
   1.6808711E+01
   1.6364118E+01
   1.7014613E+01
   1.6511570E+01
   1.7691386E+01
   1.7220957E+01
   1.6410172E+01
   1.6604176E+01
   1.6455098E+01
   1.6698550E+01
   1.6863242E+01
   1.6931718E+01
   1.6911403E+01
   1.6898468E+01
   1.6526308E+01
   1.6367766E+01
   1.6979342E+01
   1.6875982E+01
   1.6910402E+01
   1.6945039E+01
   1.6849262E+01
   1.7021353E+01
   1.6770980E+01
   1.6649148E+01
   1.6713739E+01
   1.7231075E+01
   1.6483510E+01
   1.6074249E+01
   1.6311816E+01
   1.6040868E+01
   1.6523814E+01
   1.7081778E+01
   1.6984888E+01
   1.6478921E+01
   1.6623935E+01
   1.6950615E+01
   1.6902776E+01
   1.7002693E+01
   1.7020365E+01
   1.7018361E+01
   1.6692501E+01
   1.6491499E+01
   1.6410003E+01
   1.6888847E+01
   1.6763206E+01
   1.6557168E+01
   1.6549725E+01
   1.7337139E+01
   1.6710482E+01
   1.6575483E+01
   1.6800297E+01
   1.6942106E+01
   1.7420683E+01
   1.6521977E+01
   1.7658454E+01
   1.6273264E+01
   1.6431501E+01
   1.6495730E+01
   1.7202615E+01
   1.6992026E+01
   1.6794119E+01
   1.7035572E+01
   1.7274447E+01
   1.6866328E+01
   1.6687424E+01
   1.6483780E+01
   1.6401905E+01
   1.6274041E+01
   1.7206288E+01
   1.6735919E+01
   1.3764775E+01
   1.4495671E+01
   1.4251090E+01
   1.4682868E+01
   1.4111107E+01
   1.3638229E+01
   1.4488955E+01
   1.3976047E+01
   1.4002551E+01
   1.4473885E+01
   1.4460200E+01
   1.4095196E+01
   1.4307114E+01
   1.4546295E+01
   1.4044896E+01
   1.4285212E+01
   1.4748721E+01
   1.4224856E+01
   1.4840296E+01
   1.4477281E+01
   1.4551703E+01
   1.4061292E+01
   1.4373317E+01
   1.4008822E+01
   1.4283423E+01
   1.4501891E+01
   1.4704725E+01
   1.4262717E+01
   1.4078425E+01
   1.4538188E+01
   1.4812153E+01
   1.4038484E+01
   1.4097204E+01
   1.4223471E+01
   1.4570668E+01
   1.4058677E+01
   1.4166641E+01
   1.4276592E+01
   1.4181855E+01
   1.4547045E+01
   1.4808705E+01
   1.4226998E+01
   1.4150496E+01
   1.4155400E+01
   1.4510231E+01
   1.4601336E+01
   1.4137280E+01
   1.4153656E+01
   1.4259674E+01
   1.4758003E+01
   1.5053616E+01
   1.4173755E+01
   1.4272988E+01
   1.4335250E+01
   1.3820010E+01
   1.3944375E+01
   1.5211312E+01
   1.4230108E+01
   1.4117672E+01
   1.4212308E+01
   1.3582905E+01
   1.3537520E+01
   1.3527894E+01
   1.3555367E+01
   1.3563290E+01
   1.3522530E+01
   1.3533736E+01
   1.3597316E+01
   1.3551056E+01
   1.3563329E+01
   1.3517291E+01
   1.3520136E+01
   1.3536035E+01
   1.3503154E+01
   1.3505865E+01
   1.3521708E+01
   1.3586044E+01
   1.3548728E+01
   1.3553382E+01
   1.3518345E+01
   1.3523106E+01
   1.3536180E+01
   1.3555993E+01
   1.3579497E+01
   1.3583566E+01
   1.3532744E+01
   1.3583701E+01
   1.3614285E+01
   1.3566715E+01
   1.3626447E+01
   1.3650416E+01
   1.3623905E+01
   1.3596853E+01
   1.3677451E+01
   1.3681406E+01
   1.3676922E+01
   1.3694010E+01
   1.3677309E+01
   1.3697614E+01
   1.3711460E+01
   1.3744456E+01
   1.3723255E+01
   1.3760974E+01
   1.3757133E+01
   1.3795608E+01
   1.3843926E+01
   1.3843048E+01
   1.3885451E+01
   1.3914841E+01
   1.3927759E+01
   1.4023972E+01
   1.4055236E+01
   1.4040941E+01
   1.4069335E+01
   1.4124143E+01
   1.4156074E+01
   1.4237228E+01
   1.4272794E+01
   1.4344902E+01
   1.4368471E+01
   1.4293875E+01
   1.4356908E+01
   1.6616593E+01
   1.6630172E+01
   1.6746655E+01
   1.5445427E+01
   1.5453266E+01
   1.5366759E+01
   1.5359899E+01
   1.5367738E+01
   1.5393092E+01
   1.5026581E+01
   1.5463371E+01
   1.5767225E+01
   1.5712400E+01
   1.5666960E+01
   1.5749384E+01
   1.5673397E+01
   1.5812663E+01
   1.5451543E+01
   1.5524190E+01
   1.5732803E+01
   1.5625846E+01
   1.5610835E+01
   1.5806699E+01
   1.6018165E+01
   1.6046928E+01
   1.5955909E+01
   1.5823108E+01
   1.5872226E+01
   1.5853308E+01
   1.5669550E+01
   1.6213471E+01
   1.8064781E+01
   1.6951804E+01
   1.7140280E+01
   1.6942588E+01
   1.7052588E+01
   1.7079048E+01
   1.7319231E+01
   1.6995115E+01
   1.7070542E+01
   1.7578236E+01
   1.7090859E+01
   1.7447245E+01
   1.7399807E+01
   1.6895329E+01
   1.6503889E+01
   1.7124421E+01
   1.7294385E+01
   1.6973707E+01
   1.7521926E+01
   1.7111456E+01
   1.7096058E+01
   1.6942827E+01
   1.7484480E+01
   1.7195807E+01
   1.7488830E+01
   1.7344384E+01
   1.7914128E+01
   1.7191925E+01
   1.7301325E+01
   1.7081749E+01
   1.5904391E+01
   1.5873800E+01
   1.5760418E+01
   1.6040734E+01
   1.6132100E+01
   1.5877391E+01
   1.6395025E+01
   1.6659611E+01
   1.6276530E+01
   1.6240379E+01
   1.6625698E+01
   1.6184226E+01
   1.5844279E+01
   1.5833440E+01
   1.6054089E+01
   1.6098007E+01
   1.6070425E+01
   1.6125445E+01
   1.6012129E+01
   1.5834283E+01
   1.5867105E+01
   1.5975831E+01
   1.6101772E+01
   1.5928079E+01
   1.5860564E+01
   1.5833051E+01
   1.5911910E+01
   1.5911727E+01
   1.5926127E+01
   1.6507700E+01
   1.5959487E+01
   1.4591485E+01
