   1.6238442E+01
   1.6265271E+01
   1.6149033E+01
   1.6201820E+01
   1.6370653E+01
   1.6944520E+01
   1.6649735E+01
   1.6285981E+01
   1.6808492E+01
   5.8290349E+00
   3.4023349E-04
   2.4955767E-04
   9.2787674E-01
   2.1575109E+00
   1.8042412E+00
   2.3169479E+00
   2.3251682E+00
   1.1568626E+00
   1.5890649E+00
   1.2806380E+00
   2.9035962E+00
   1.7774864E+00
   1.8129698E+00
   2.6080689E+00
   3.3950581E+00
   1.2670323E+00
   1.1620767E+00
   1.8546573E+00
   3.0379689E+00
   2.3310236E+00
   1.5064758E+00
   1.8508560E+00
   2.3120900E+00
   3.2858071E+00
   1.1557747E+00
   1.4324086E+00
   2.9611270E+00
   2.2735275E+00
   1.1581591E+00
   1.1608492E+00
   2.0760673E+00
   3.1057427E+00
   1.8500766E+00
   2.2922432E+00
   1.4440449E+00
   3.0551248E+00
   1.2885513E+00
   1.6511069E+00
   2.7084206E+00
   2.3196318E+00
   1.5294271E+00
   1.2598785E+00
   1.9224005E+00
   2.4732839E+00
   2.3136186E+00
   2.2967849E+00
   1.6709488E+00
   2.3091567E+00
   3.1313306E+00
   2.1000830E+00
   1.6616515E+00
   1.8349433E+00
   2.2842414E+00
   1.8106609E+00
   2.7100156E+00
   2.3131968E+00
   1.1574817E+00
   2.2062027E+00
   1.1545904E+00
   1.9794767E+00
   2.7095305E+00
   2.3190338E+00
   1.1598708E+00
   1.1570104E+00
   1.1599080E+00
   1.9959101E+00
   2.7592245E+00
   2.3101903E+00
   1.2437049E+00
   1.9636622E+00
   1.1540346E+00
   2.4922086E+00
   1.5790995E+00
   1.9697271E+00
   1.9690371E+00
   1.1572591E+00
   3.1335109E+00
   1.7892640E+00
   1.4280422E+00
   1.1544463E+00
   1.1549827E+00
   2.6248968E+00
   2.5987111E+00
   1.3866049E+00
   2.1261493E+00
   1.1535160E+00
   2.4974874E+00
   2.2650827E+00
   1.9239738E+00
   1.1534866E+00
   1.1572218E+00
   3.4116543E+00
   1.3448118E+00
   1.6607379E+00
   1.1530732E+00
   2.3055465E+00
   2.8089990E+00
   1.1968733E+00
   1.1547328E+00
   3.3230142E+00
   3.2539578E+00
   1.2759128E+00
   2.1073149E+00
   1.1534866E+00
   3.1657298E+00
   2.3025805E+00
   1.4317565E+00
   2.0439020E+00
   3.2572917E+00
   2.6721844E+00
   1.1525530E+00
   1.1550868E+00
   1.9295157E+00
   3.3596484E+00
   2.6815236E+00
   1.1548963E+00
   1.6747798E+00
   1.1525530E+00
   2.4286694E+00
   2.3507826E+00
   1.5881302E+00
   1.7651101E+00
   2.6293227E+00
   2.4704893E+00
   1.8590056E+00
   1.1573568E+00
   1.1541903E+00
   1.1563254E+00
   2.3146960E+00
   2.3143168E+00
   1.9442671E+00
   1.9610335E+00
   1.1510305E+00
   2.8212704E+00
   2.4525131E+00
   1.4869520E+00
   1.4403106E+00
   1.1525530E+00
   2.6038384E+00
   1.5369317E+00
   1.1354464E+00
   1.7169592E+00
   1.7172662E+00
   1.2644400E+00
   2.8651172E+00
   3.2966893E+00
   1.7130806E+00
   1.2036815E+00
   3.3754355E+00
   1.6368000E+00
   1.6414906E+00
   1.6458501E+00
   1.6415432E+00
   1.6419716E+00
   1.6459001E+00
   2.7978612E+00
   2.8004019E+00
   1.2866226E+00
   1.8529329E+00
   1.1241435E+00
   1.1275351E+00
   1.1249118E+00
   1.1264890E+00
   1.9178944E+00
   1.9641769E+00
   1.1222294E+00
   1.5675474E+00
   1.1222294E+00
   2.5237232E+00
   2.5813234E+00
   1.5147745E+00
   1.5195469E+00
   2.6710120E+00
   1.5116069E+00
   1.5191192E+00
   2.6749360E+00
   1.5156372E+00
   2.6810648E+00
   1.5177865E+00
   1.5169404E+00
   2.6858523E+00
   1.5195674E+00
   1.5301307E+00
   2.6885293E+00
   1.5286694E+00
   1.5314728E+00
   2.6919813E+00
   1.5195469E+00
   1.5255891E+00
   2.6949440E+00
   1.0789919E+01
   1.3652682E+01
   1.3565192E+01
   1.3276717E+01
   1.3407774E+01
   1.3135838E+01
   1.3589394E+01
   1.3359823E+01
   1.4295694E+01
   1.3758364E+01
   1.3213384E+01
   1.2347490E+01
   1.2351701E+01
   1.2407794E+01
   1.2410739E+01
   1.2433931E+01
   1.2445735E+01
   1.2448680E+01
   1.2430747E+01
   1.2469757E+01
   1.2477131E+01
   1.2484506E+01
   1.2479226E+01
   1.2516970E+01
   1.2525610E+01
   1.2524127E+01
   1.2535931E+01
   1.2547734E+01
   1.2553843E+01
   1.2581464E+01
   1.2610983E+01
   1.2589886E+01
   1.2645346E+01
   1.2601472E+01
   1.2604418E+01
   1.2619385E+01
   1.2658394E+01
   1.2653115E+01
   1.2647835E+01
   1.2696335E+01
   1.2704975E+01
   1.2726585E+01
   1.2740603E+01
   1.2761048E+01
   1.2764975E+01
   1.2771614E+01
   1.2771925E+01
   1.2813362E+01
   1.2848472E+01
   1.2855111E+01
   1.2812399E+01
   1.2870919E+01
   1.2875800E+01
   1.2883692E+01
   1.2908666E+01
   1.2911496E+01
   1.2955451E+01
   1.2963343E+01
   1.2948457E+01
   1.2950022E+01
   1.3011060E+01
   1.3020217E+01
   1.2991412E+01
   1.3020815E+01
   1.3022379E+01
   1.3056844E+01
   1.3062702E+01
   1.3076047E+01
   1.3089392E+01
   1.3115616E+01
   1.3146918E+01
   1.3156074E+01
   1.4472330E+01
   1.5301488E+01
   1.4417410E+01
   1.4599316E+01
   1.4535552E+01
   1.4553664E+01
   1.4467291E+01
   1.4435865E+01
   1.4403393E+01
   1.4499248E+01
   1.4823478E+01
   1.4813704E+01
   1.4695130E+01
   1.4536834E+01
   1.4990317E+01
   1.4893272E+01
   1.4798064E+01
   1.4429032E+01
   1.4777763E+01
   1.5134922E+01
   1.5164138E+01
   1.5523429E+01
   1.4953502E+01
   1.4739942E+01
   1.4778690E+01
   1.4851918E+01
   1.4804017E+01
   1.4754399E+01
   1.4771347E+01
   1.4876122E+01
   1.4855561E+01
   1.6014399E+01
   1.6373912E+01
   1.6570261E+01
   1.6901183E+01
   1.6596236E+01
   1.6785713E+01
   1.6353986E+01
   1.6782367E+01
   1.6755011E+01
   1.7015405E+01
   1.6667652E+01
   1.6397422E+01
   1.5947257E+01
   1.6339472E+01
   1.6890698E+01
   1.6837073E+01
   1.6728875E+01
   1.6747883E+01
   1.6086350E+01
   1.6069349E+01
   1.6618701E+01
   1.6336004E+01
   1.6723597E+01
   1.6570732E+01
   1.6745080E+01
   1.6877533E+01
   1.6780581E+01
   1.6365023E+01
   1.6359802E+01
   1.6958227E+01
   1.5448668E+01
   1.5250742E+01
   1.5255728E+01
   1.5075790E+01
   1.5328470E+01
   1.5184039E+01
   1.5225791E+01
   1.5213700E+01
   1.5418683E+01
   1.5129783E+01
   1.5109844E+01
   1.5367517E+01
   1.5060179E+01
   1.5472250E+01
   1.4743501E+01
   1.5633894E+01
   1.5259357E+01
   1.5301268E+01
   1.5251128E+01
   1.5085108E+01
   1.5241173E+01
   1.5288438E+01
   1.5073622E+01
   1.5443311E+01
   1.5268567E+01
   1.5294939E+01
   1.5309823E+01
   1.5266088E+01
   1.5266470E+01
   1.5302898E+01
   1.5299047E+01
   1.3138085E+01
   1.7782777E+01
