   1.6230840E+01
   1.7301110E+01
   1.6799933E+01
   1.7132782E+01
   1.7018990E+01
   1.6800418E+01
   1.6911076E+01
   1.6882450E+01
   1.6165224E+01
   1.7961351E+01
   1.7562584E+01
   1.7010907E+01
   1.8035182E+01
   1.7478940E+01
   1.7411951E+01
   1.7845129E+01
   1.7446436E+01
   1.8088373E+01
   1.7830538E+01
   1.6149033E+01
   1.6910957E+01
   1.6149033E+01
   1.6810135E+01
   1.7012989E+01
   1.6456346E+01
   1.6473700E+01
   1.6565350E+01
   1.6149033E+01
   1.7656914E+01
   1.7078055E+01
   1.6621200E+01
   1.4178608E+01
   1.4311154E+01
   1.4195189E+01
   1.4056712E+01
   1.4153877E+01
   1.5050062E+01
   1.3901101E+01
   1.4919230E+01
   1.3793307E+01
   1.4489830E+01
   1.4920957E+01
   1.5015789E+01
   1.4521445E+01
   1.4330982E+01
   1.3470568E+01
   1.4446902E+01
   1.3805994E+01
   1.3892535E+01
   1.4017759E+01
   1.4766002E+01
   1.4114614E+01
   1.4587131E+01
   1.4951731E+01
   1.4635145E+01
   1.4115583E+01
   1.3608989E+01
   1.4559336E+01
   1.4182713E+01
   1.5598234E+01
   1.5980266E+01
   1.5515040E+01
   1.6462524E+01
   1.5257780E+01
   1.5190340E+01
   1.5724751E+01
   1.4939447E+01
   1.6329052E+01
   1.5678134E+01
   1.5333298E+01
   1.5478608E+01
   1.5648286E+01
   1.5621320E+01
   1.4939447E+01
   1.5746543E+01
   1.6656770E+01
   1.5613641E+01
   1.5686123E+01
   1.5351056E+01
   1.5672204E+01
   1.5592998E+01
   1.5775544E+01
   1.5605772E+01
   1.5452598E+01
   1.5541031E+01
   1.5389753E+01
   1.4977073E+01
   1.5411037E+01
   1.4939447E+01
   1.5964539E+01
   1.5376302E+01
   1.5415780E+01
   1.5975373E+01
   1.6401117E+01
   1.5202682E+01
   1.5887590E+01
   1.5646183E+01
   1.5492073E+01
   1.5356577E+01
   1.5531433E+01
   1.5755199E+01
   1.5684523E+01
   1.4960916E+01
   1.6151438E+01
   1.4960916E+01
   1.5806143E+01
   1.6524199E+01
   1.4960916E+01
   1.5743538E+01
   1.5871016E+01
   1.6377701E+01
   1.6401465E+01
   1.6174403E+01
   1.5757944E+01
   1.5598236E+01
   1.6054227E+01
   1.6398324E+01
   1.6266840E+01
   1.4960916E+01
   1.5501891E+01
   1.5597867E+01
   1.5934429E+01
   1.5492104E+01
   1.5488011E+01
   1.5788127E+01
   1.5545748E+01
   1.5225271E+01
   1.5479410E+01
   1.6573953E+01
   1.5295571E+01
   1.6707954E+01
   1.6346090E+01
   1.6371538E+01
   1.6401526E+01
   1.6551782E+01
   1.5484948E+01
   1.5636768E+01
   1.6313560E+01
   1.6779508E+01
   1.5225271E+01
   1.6248748E+01
   1.6383595E+01
   1.6436100E+01
   1.5538063E+01
   1.6199353E+01
   1.6214035E+01
   1.6030028E+01
   1.5976939E+01
   1.6071421E+01
   1.5405182E+01
   1.3076117E+01
   1.3798847E+01
   1.4226399E+01
   1.3244834E+01
   1.4348073E+01
   1.3041648E+01
   1.3593470E+01
   1.3819924E+01
   1.3176950E+01
   1.4164510E+01
   1.4381658E+01
   1.4121449E+01
   1.3595542E+01
   1.2953927E+01
   1.3858319E+01
   1.3174191E+01
   1.3592570E+01
   1.3923321E+01
   1.3335783E+01
   1.4200326E+01
   1.2928910E+01
   1.3028568E+01
   1.3744759E+01
   1.3769743E+01
   1.3338272E+01
   1.3730493E+01
   1.4091001E+01
   1.2946444E+01
   1.3863994E+01
   1.4191943E+01
   1.3043101E+01
   1.4083693E+01
   1.4323399E+01
   1.4311269E+01
   1.3032134E+01
   1.3804361E+01
   1.3049969E+01
   1.3743489E+01
   1.3652320E+01
   1.3137231E+01
   1.3846606E+01
   1.3032134E+01
   1.1126836E+01
   3.5108570E+00
   2.7084759E+00
   3.4965216E+00
   2.5419641E+00
   3.3010396E+00
   1.4601627E+00
   5.1020806E+00
   3.7988672E+00
   3.6053840E+00
   4.2823593E+00
   1.3219585E+00
   2.7823766E+00
   2.6195345E+00
   1.3294549E+00
   4.0313055E+00
   1.9838138E+00
   3.0664733E+00
   5.0277974E+00
   6.0093564E+00
   6.1876687E+00
   5.7431640E+00
   1.1104441E+01
9.3096088E+00
   1.1996390E+01
   1.2246284E+01
   1.2101674E+01
9.9661497E+00
   1.0415155E+01
9.8201156E+00
   6.5462223E+00
   6.9703902E+00
9.9811136E+00
   1.0052472E+01
   7.5202063E+00
   7.3328506E+00
   7.0896511E+00
   6.3749487E+00
9.8974910E+00
   1.0610432E+01
   1.0261063E+01
   1.0430112E+01
   7.9002229E+00
   6.0345112E+00
9.7805459E+00
   1.2031189E+01
9.6594863E+00
   6.5491979E+00
   6.3469909E+00
9.2866773E+00
   9.5538318E+00
   1.0368640E+01
   1.2075478E+01
   1.2063291E+01
   1.2076846E+01
   1.2041428E+01
   1.2007862E+01
   1.2011305E+01
   1.2079756E+01
   1.2088842E+01
   1.2076582E+01
   1.2080818E+01
   1.2045749E+01
   1.2071563E+01
   1.2141686E+01
   1.2173820E+01
   1.2132401E+01
   1.2110030E+01
   1.2114365E+01
   1.2137674E+01
   1.2173071E+01
   1.2174763E+01
   1.2227188E+01
   1.2235121E+01
   1.2243213E+01
   1.2235701E+01
   1.2278673E+01
   1.2258187E+01
   1.2279217E+01
   1.2300301E+01
   1.4246184E+01
   1.3840278E+01
   1.4005464E+01
   1.5058854E+01
   1.4178861E+01
   1.5045708E+01
   1.4388684E+01
   1.5295403E+01
   1.5309936E+01
   1.4756768E+01
   1.4781064E+01
   1.4863859E+01
   1.5251339E+01
   1.5420840E+01
   1.5383850E+01
   1.5150135E+01
   1.5266750E+01
   1.5026011E+01
   1.4581558E+01
   1.3840278E+01
   1.4954077E+01
   1.4402976E+01
   1.5417870E+01
   1.5683712E+01
   1.5589530E+01
   1.5771283E+01
   1.4482806E+01
   1.5273286E+01
   1.5193193E+01
   1.5804043E+01
   1.5235127E+01
   1.6125585E+01
   1.6891089E+01
   1.6147136E+01
   1.6898199E+01
   1.6305465E+01
   1.6392295E+01
   1.6979441E+01
   1.6587961E+01
   1.6957403E+01
   1.6516015E+01
   1.6061790E+01
   1.6543992E+01
   1.6746727E+01
   1.5864272E+01
   1.7064909E+01
   1.6970128E+01
   1.6008565E+01
   1.5929915E+01
   1.6272568E+01
   1.6463230E+01
   1.6920296E+01
   1.6888883E+01
   1.6300946E+01
   1.7587197E+01
   1.7317802E+01
   1.5970812E+01
   1.6751217E+01
   1.6573864E+01
   1.6485254E+01
   1.6606901E+01
   1.4984395E+01
   1.5696347E+01
   1.4692439E+01
   1.4375510E+01
   1.4489265E+01
   1.4573233E+01
   1.5188664E+01
   1.3933819E+01
   1.5173730E+01
   1.5253183E+01
   1.4692723E+01
   1.4278544E+01
   1.4898789E+01
   1.4987652E+01
   1.5280652E+01
   1.4727898E+01
   1.5193427E+01
   1.4563349E+01
   1.4793895E+01
   1.4674639E+01
   1.5398969E+01
   1.4755137E+01
   1.4952828E+01
   1.5181030E+01
   1.5220870E+01
   1.4571218E+01
   1.4692972E+01
   1.4445119E+01
   1.3933819E+01
   1.4546469E+01
   1.4632347E+01
   1.2345719E+01
